13
14
15
32
77
77
89
198
198
15
198
199
199
200
209
222
223
224
224
225
225
226
328
328
328
481
482
483
484
484
485
486
487
488
488
489
490
490
492
493
493
494
495
496
497
498
500
501
503
507
568
590
591
592
593
594
595
596
597
598
599
271
271
272
273
273
274
274
275
276
275
276
277
277
277
277
277
277
280
280
281
281
281
223
224
224
226
228
229
231
232
233
235
236
237
238
239
240
241
242
245
264
265
266
267
350
350
351
352
354
355
356
357
358
359
360
361
362
363
364
365
366
367
368
369
370
371
372
373
374
375
376
377
378
379
380
381
382
383
384
385
386
387
388
389
390
391
392
393
394
395
396
397
398
399
400
401
402
404
405
406
409
410
411
417
419
419
420
422
423
424
427
428
431
433
434
435
436
437
438
439
440
459
461
468
469
470
471
298
299
300
301
1
647
648
649
298
299
300
301
302
303
304
305
306
350
312
312
316
321
322
323
324
325
326
327
609
609
610
611
612
613
614
615
616
617
618
619
620
621
624
625
626
627
628
629
630
630
631
632
633
634
635
636
637
638
639
640
641
642
643
644
645
646
481
482
483
484
485
486
486
487
488
489
490
491
492
492
493
494
495
496
497
498
500
501
503
504
1
481
481
481
481
482
481
483
481
482
483
484
481
482
483
484
485
481
482
483
484
485
486
481
482
483
484
485
486
487
481
482
483
484
485
486
487
488
481
482
483
484
485
486
487
488
489
481
482
483
484
485
486
487
488
489
490
481
482
483
484
485
486
487
488
489
490
491
481
482
483
484
485
486
487
488
489
490
491
492
481
482
483
484
485
486
487
488
489
490
491
492
493
481
482
483
484
485
486
487
488
489
490
491
492
493
494
481
482
483
484
485
486
487
488
489
490
491
492
493
494
495
481
482
483
484
485
486
487
488
489
490
491
492
493
494
495
496
481
482
483
484
485
486
487
488
489
490
491
492
493
494
495
496
497
481
482
483
484
485
486
487
488
489
490
491
492
493
494
495
496
497
498
481
482
483
484
485
486
487
488
489
490
491
492
493
494
495
496
497
498
481
482
483
484
485
486
487
488
489
490
491
492
493
494
495
496
497
498
500
500
501
500
501
503
503
504
503
504
506
506
507
506
507
506
507
509
506
507
509
510
506
507
509
510
511
506
507
509
510
511
506
507
509
510
511
15
161
166
168
169
172
173
176
178
179
181
187
188
481
481
482
483
484
485
486
487
488
489
523
149
118
119
120
121
122
123
124
125
126
127
128
129
130
131
132
133
134
135
136
137
138
139
140
141
142
143
147
148
149
150
151
153
154
155
156
157
158
159
298
299
300
301
302
303
304
305
306
307
308
309
310
312
313
311
312
313
313
311
312
313
314
311
312
313
314
315
316
317
317
320
321
322
323
324
325
326
327
327
328
329
330
331
332
333
334
335
336
337
338
339
340
341
342
343
344
345
346
347
348
349
